<built-in function id>,0.3369325346964792,0.54929742892316115,2,3,4,0,6,7,9,8,1
<built-in function id>,0.6789367479240201,0.278285473712479365,2,3,4,0,6,7,9,8,1
<built-in function id>,0.9483376303703906,0.55587488681551425,2,3,4,0,6,7,9,8,1
<built-in function id>,0.9391009271261834,0.083257584539266575,2,3,4,0,6,7,9,8,1
<built-in function id>,0.09240399279229705,0.174844220937929955,2,3,4,0,6,7,9,8,1
<built-in function id>,0.5656767181945219,0.783970330975095,2,3,4,0,6,7,9,8,1
<built-in function id>,0.7061467982510486,0.5428757671739555,2,3,4,0,6,7,9,8,1
<built-in function id>,0.2827510007608819,0.58791764285208645,2,3,4,0,6,7,9,8,1
<built-in function id>,0.9540700011950927,0.95430021167024745,2,3,4,0,6,7,9,8,1
<built-in function id>,0.27012734332656063,0.15495723502013065,2,3,4,0,6,7,9,8,1
