500,0.611708993402563,0.19027251628080288
501,0.7773286501227167,0.5878973480259219
502,0.9030288933185753,0.854132945498974
503,0.1454856805873429,0.4596045247670666
504,0.20598261756955816,0.4181113746290017
505,0.3300888379443788,0.6392744433925643
506,0.6774204269521674,0.2830272598682846
507,0.2414022254634136,0.1520187423914643
508,0.36484282023360126,0.5546964048232236
509,0.7107498843558231,0.8123156690467109
510,0.13436913847511223,0.1856943081146658
511,0.8048693220150737,0.954833065297403
512,0.8802113331770072,0.9547535600776226
513,0.8505616480366454,0.34320963419307005
514,0.17409777683795946,0.03353765935914366
515,0.7832197014411886,0.6701732473229259
516,0.934067073004637,0.9554419520023131
517,0.7997835284887548,0.834904148337123
518,0.2045172117163856,0.28859970218491005
519,0.8883001637938559,0.9903672676652989
520,0.11276162975623749,0.7860037825178248
521,0.038699248957608345,0.9308746525984811
522,0.7861042208239667,0.9240466135541571
523,0.6808365709561786,0.8660218487945034
524,0.41107045308575996,0.49829519401398437
525,0.5271259642400106,0.41802350153015755
526,0.6415271755524029,0.28286981359861374
527,0.3101931421456179,0.10080560895756607
528,0.9887290501392674,0.2937036904523762
529,0.2987052479227238,0.5626758749992239
530,0.18084431653594024,0.3458611075109185
531,0.5494511419152055,0.8565410095382167
532,0.8950254041667324,0.2985583364376493
533,0.007053099129422535,0.010792042799879109
534,0.9831970601754217,0.2569253775808734
535,0.895724149286068,0.5577510805931287
536,0.021775226562722794,0.6300361422164594
537,0.2911406800337768,0.1482485634655597
538,0.44314754485695973,0.7903154376927596
539,0.838335515188121,0.01417869400721583
540,0.2431978468471918,0.03523459960815767
541,0.25758575023059926,0.15572934168852948
542,0.5270289115161932,0.6979479030315996
543,0.47586314403971053,0.6802492050993659
544,0.9677955918659211,0.7751012209924071
545,0.677568570002496,0.18826869807477242
546,0.3432154540542972,0.46459737109582055
547,0.2779878635833557,0.5407973322622133
548,0.5512740921066143,0.15746538545784017
549,0.6738651474583538,0.1427628703391962
550,0.41117224985768275,0.9773120268338706
551,0.4778715214995022,0.3786573989855906
552,0.8115945253338263,0.08694099433967462
553,0.9140005563434777,0.24210471234701225
554,0.45399417683100396,0.6566952094629416
555,0.21668958066587551,0.48491215841215984
556,0.787471049631733,0.11068156191532796
557,0.7890752524679292,0.01536027511848026
558,0.5367996737535732,0.8367159970078463
559,0.4037245520308721,0.24410306106919955
560,0.20211308335564815,0.9550755654745858
561,0.15004680942408988,0.3241091029573888
562,0.11312296977337555,0.418039333129819
563,0.955435877570427,0.44574634425607595
564,0.17452030380327643,0.09686844924435267
565,0.8656760131052984,0.48659846079112723
566,0.13229777947074484,0.8390961428768887
567,0.015200949629638139,0.9935918193938567
568,0.29859662137019904,0.6061761566380287
569,0.13528032344031093,0.8263060287647203
570,0.17494700728193036,0.6642807818003575
571,0.8617258716629561,0.8720546614168356
572,0.60796421128325,0.9649823659268594
573,0.6944637649926121,0.9812228137200779
574,0.6800325050046953,0.3113510448669039
575,0.8296738378171382,0.3983272862873116
576,0.9257362730257984,0.6882448513751827
577,0.5172555891216037,0.045316885121539974
578,0.8125715851675908,0.7338320981204288
579,0.8686783493032862,0.2640146508968051
580,0.9850715034411357,0.6706388873785102
581,0.4934521161250154,0.1686767276142671
582,0.7289714940632223,0.44755526079636965
583,0.7574272177302824,0.4653776422090721
584,0.5555781365200504,0.39558816209434833
585,0.3119778781319392,0.885167183548849
586,0.6279923440191937,0.6876832482321116
587,0.827239747091496,0.8209516645592271
588,0.7107089919140936,0.8749238016515467
589,0.7012481328613952,0.154746341548737
590,0.6391814411521655,0.8719378495301627
591,0.6822620163742323,0.6674070990422529
592,0.4094261473971281,0.8662394450760316
593,0.7151352136348719,0.5246147670651361
594,0.8384978665465364,0.8776565119062347
595,0.3413635993335752,0.8115133715183591
596,0.6451998621319789,0.3786333774525824
597,0.066317809003126,0.3397649422484206
598,0.8604817114530245,0.33671736053350076
599,0.3552874312626998,0.1977455851762766
