0,0.3881969847141765,0.9457512624340595
1,0.12899190051980103,0.9358410968790557
2,0.18379943224317719,0.47752528803559546
3,0.48880067291575857,0.9349468640333045
4,0.4059881121354798,0.8235500617999927
5,0.09300442482280125,0.499099999962588
6,0.6681777590651048,0.7025321334364821
7,0.4761622036837093,0.3560994914408818
8,0.5728500861284945,0.14296528050473878
9,0.31026641626332974,0.9056605316216609
10,0.6923548649875367,0.6074049779775794
11,0.5108619323994177,0.2178828648419684
12,0.24733593246561647,0.22308087235599494
13,0.7737706573472194,0.8854199321194148
14,0.763850215392409,0.019801423886044
15,0.29490616809636516,0.8066404665857752
16,0.02186800236110964,0.8573377679789034
17,0.7558762253122839,0.9678401622333045
18,0.49807337446968747,0.9510660650494925
19,0.11855792217564831,0.9794671802621837
20,0.6638890343610345,0.8792944703010921
21,0.6744440700459953,0.14238375695567562
22,0.12429413301482783,0.5240374140148375
23,0.8640502195774352,0.057180160635071364
24,0.9597911824648047,0.6558040212807328
25,0.6419595077792222,0.8863531173547351
26,0.05264599323203023,0.6116220886340371
27,0.2998668560491776,0.3980424619259906
28,0.09426991266148044,0.8867448753558911
29,0.5888762444569174,0.35885508336081007
30,0.9038616356061434,0.27597972291435713
31,0.4510226343581193,0.6805175922789218
32,0.31653700243505156,0.8955381934640376
33,0.3885789466770275,0.23208573057189674
34,0.771219804190467,0.6630773862803374
35,0.18757335461083646,0.609102946837468
36,0.5823094353344501,0.2552754536537387
37,0.5087815016057793,0.7273736625462814
38,0.33748945494286275,0.15796281324636585
39,0.7716439470958697,0.6290372868223466
40,0.3853842569149083,0.7524655658503067
41,0.6977860781443012,0.515146571755198
42,0.4159107972757199,0.003892139231602254
43,0.20610676830271468,0.24526263018728967
44,0.4361517231944454,0.894382648304836
45,0.40853889052812276,0.7497707830729881
46,0.9767590004008427,0.4186015101596644
47,0.025811341889431016,0.24224568984041306
48,0.8988315994633157,0.9190482545497285
49,0.5995937755570824,0.26827246629841994
50,0.47202807692587123,0.19439890969271822
51,0.0377421683518121,0.47780959653125554
52,0.4821075043268298,0.2780662809876955
53,0.1168610725774426,0.35998450993186504
54,0.23314651726474933,0.06622385195615577
55,0.14186511042800087,0.9257237922770577
56,0.3188754032286102,0.025709060487079882
57,0.6235620663438742,0.42674049604887543
58,0.36844135473498507,0.5908513977866737
59,0.2360516122687113,0.9038485281174969
60,0.4259042106009103,0.2667263284499293
61,0.40205479464385574,0.4711678778437921
62,0.2825049134474644,0.004101263132711641
63,0.4080561975416217,0.8736913227171746
64,0.9643783901672347,0.4217194515554247
65,0.25827029180584105,0.7085117450660332
66,0.5412514225784366,0.7388635224410574
67,0.6350632131455245,0.1358124280377344
68,0.591721891352307,0.9119586654053693
69,0.988483902694633,0.8318934786658624
70,0.6974133711597471,0.9647852173227941
71,0.9805389680578028,0.40376066128975885
72,0.21074533648891014,0.6544981254553937
73,0.9107052743842583,0.02533350596538031
74,0.4153864865845359,0.07819271876944978
75,0.16897067660604237,0.6830926028419537
76,0.23695213204563148,0.590955668382988
77,0.8273663935877874,0.7281601251266191
78,0.38858916805808275,0.11206394562304944
79,0.5314193641303794,0.4937262817722895
80,0.6343531178408464,0.052281299394774106
81,0.17406939487827477,0.6348181782246558
82,0.9584421461964351,0.22097691447239654
83,0.3650084593297398,0.8231150724278342
84,0.5147640362218114,0.614937289178724
85,0.6090387208322432,0.24675856772820426
86,0.9016438027627002,0.5429907825693139
87,0.8663895126122706,0.43430438029309704
88,0.7022208568546253,0.043884517458313343
89,0.350095179684086,0.23735068293129546
90,0.9403153608517892,0.209943505417027
91,0.2855928452930194,0.5471277529534226
92,0.6850593475227906,0.04028568110572406
93,0.6820218286494075,0.1424562022665441
94,0.5614170336244166,0.6399688638321933
95,0.7747859035990304,0.9128997035143687
96,0.5616025007515607,0.288453767265923
97,0.9345471783068078,0.12085415902395691
98,0.4140405160531966,0.31915247374568645
99,0.5560402146465181,0.00482341078981996
