100,0.470481462164957,0.7255359596508105
101,0.03874732093338107,0.9876036703804681
102,0.6220066238130574,0.7097175413590686
103,0.6515070541366605,0.027642152977438106
104,0.9667056370233125,0.054017383231270255
105,0.6776427029628601,0.6671652073598849
106,0.9070618692484798,0.9520152687997746
107,0.1665824267537661,0.2903760055287151
108,0.7968762528922886,0.1874941882856247
109,0.5951047236616208,0.4421023061344199
110,0.3401913460881124,0.7677708544566767
111,0.6623437866593971,0.9561631729290292
112,0.061686159434083176,0.27137588228055376
113,0.6959939596235633,0.43927664869204086
114,0.5693069341661922,0.7062231623788015
115,0.9709741073687586,0.9311640707623521
116,0.17702425853408543,0.9808602502486468
117,0.6370265571216753,0.8122519281057942
118,0.3322645532492092,0.8529004905987083
119,0.5298722011846912,0.9911487377037225
120,0.5623951315514719,0.15112015161038816
121,0.6410955202835931,0.17508651768697692
122,0.43414450147752626,0.03445873867572058
123,0.9010095358471933,0.17012127862497695
124,0.2732485431042523,0.9005079103231359
125,0.30929904353268267,0.029392946580453105
126,0.480822715430809,0.5882276660828368
127,0.11809394304964738,0.9227850182576957
128,0.6605534188452883,0.13088101997626644
129,0.6860888782444767,0.6383650447283511
130,0.5549088775857296,0.7294598956933485
131,0.07338103517112116,0.34252535435434395
132,0.16787471653196884,0.8192176185117812
133,0.7477806114691772,0.7906074362952491
134,0.46769895607992473,0.7805653003475165
135,0.7311152423588625,0.37319545743488836
136,0.2306888894032827,0.808959618396882
137,0.016956332753207293,0.924200512676491
138,0.05413480085347655,0.7550671015361399
139,0.5450217845526459,0.5949167681609773
140,0.23192461261199027,0.1367487405175296
141,0.5543390252451237,0.19774849777540382
142,0.2781036863906984,0.3872475032826299
143,0.11230083146650904,0.5948617507440486
144,0.2403112301412219,0.5540576649218886
145,0.9438718435199583,0.723468149712968
146,0.4001476259933031,0.638283295365721
147,0.37240236942747085,0.9157333361493223
148,0.8874584009122181,0.7635152554532607
149,0.6181039496749957,0.3524068182875104
150,0.6312083245846137,0.46731384680987187
151,0.6621970484150047,0.7564139958545754
152,0.3467811468866182,0.5839112215408456
153,0.3452656668012989,0.21045441694750489
154,0.87824476322909,0.9756062638030574
155,0.13318039696240613,0.3019096756351918
156,0.38640155031941337,0.5574440174811394
157,0.6853701653827076,0.8331380961097089
158,0.21976895299407073,0.005604907801224912
159,0.5179778875480837,0.29469105494762704
160,0.9938149451296638,0.6766703869548956
161,0.5324873454212713,0.8553425684164211
162,0.25497688225738113,0.7212957862792752
163,0.27752113019538716,0.32876094314920956
164,0.5688833035831764,0.016082030446865847
165,0.8048494376187646,0.6821569750536999
166,0.6454425879410304,0.2580607279608238
167,0.8518947549448539,0.5156855169198362
168,0.7647666647693944,0.19556832567771476
169,0.8884413383821238,0.9188056479362664
170,0.15158637265867503,0.5866720718938228
171,0.8216251745953013,0.0273679988930442
172,0.6759939284975375,0.877342686861977
173,0.3695398784857742,0.2584659792106062
174,0.2487421719151902,0.43759355641161357
175,0.5308183331495209,0.27646477903446265
176,0.20527755827743377,0.9058398595029855
177,0.5431923553854451,0.22338229060050396
178,0.28053656492073764,0.43854044460524666
179,0.9589886521364206,0.24262300384541957
180,0.8249222691750147,0.1923915175446077
181,0.935313142302995,0.2467118233764587
182,0.36281161731132283,0.9425964599978525
183,0.7834202808879391,0.8180799485274276
184,0.13993109426989603,0.06433960086732415
185,0.6331659237973644,0.4078161280001328
186,0.32278155449290113,0.02249141183819059
187,0.7089036730809066,0.02481545337027402
188,0.018875689952719266,0.7408167844960011
189,0.7676680206583326,0.7263697964434372
190,0.7896250406001104,0.3132271623885142
191,0.7751087282284009,0.03452631454142263
192,0.2968066109025347,0.18923448757711914
193,0.59550084825421,0.5931659912304814
194,0.5812815911689806,0.5195268731050795
195,0.4954227199911657,0.44310147339956607
196,0.20299906955905,0.8410720394533511
197,0.5230159072349216,0.1001686797165906
198,0.6042258549705019,0.15653719913765018
199,0.35411687268311576,0.04580580505224019
