900,0.92052888758845,0.3183443526335391
901,0.12123092026135096,0.27670976210269305
902,0.5216210621147928,0.3267189624891095
903,0.30825548097447686,0.9325741448257152
904,0.0005326158707488204,0.3739460185162975
905,0.12169409879555715,0.007341789677623667
906,0.37270567326487947,0.7390013711246489
907,0.4029820851436954,0.1469602260704057
908,0.06898107628918027,0.4479147552665197
909,0.39510355306304235,0.37461632994713323
910,0.3741175110622368,0.13899512753043597
911,0.641410715474747,0.2831872641837405
912,0.2587422416552928,0.9435204166289236
913,0.14254998758268922,0.2882526198416231
914,0.15240144874297457,0.6177945594069871
915,0.32144067754219696,0.9126943463480339
916,0.9667333567755252,0.4779579692663648
917,0.8635480438726666,0.3491400492411123
918,0.4152266544581473,0.6011563916782945
919,0.7159906495096771,0.5973418697538934
920,0.9988992206271949,0.6738057666229039
921,0.9957745019078026,0.0985687681497418
922,0.10326267989137783,0.3412022852636699
923,0.4834511026106597,0.6873994290273129
924,0.542480936542792,0.6907258284210512
925,0.5108850212293761,0.49146262995805945
926,0.3629871427961784,0.44260116182671694
927,0.5014867768196586,0.8007680855998842
928,0.7704920263516922,0.9524553169335631
929,0.8986921113661356,0.1630211347741416
930,0.6516953389778946,0.30226805373578725
931,0.9356387677619494,0.57770677992505
932,0.49048021315418067,0.05653221898419736
933,0.2171532854137349,0.6272547734938083
934,0.8547299307727068,0.8486038201453355
935,0.633163952803852,0.8995193338580725
936,0.6173016328713857,0.47556578558306395
937,0.6759544773426138,0.883400651683653
938,0.6100340073159655,0.3912919852713592
939,0.6884864556797703,0.7290038457993299
940,0.5485442349541436,0.34204605998918425
941,0.055216474096378865,0.38682134186973427
942,0.9139874829595098,0.7582511109065069
943,0.5726384810850689,0.036120502295414414
944,0.3807953103828674,0.362840586020828
945,0.9301726097657552,0.5423232072891984
946,0.20726904055335016,0.45222335020243576
947,0.8681252825103383,0.3144939546962141
948,0.46930202229016504,0.47466393205253443
949,0.600341016420869,0.04511452123598003
950,0.20875380457227288,0.15427457521505294
951,0.025241888427982584,0.753259621149759
952,0.5383661632919127,0.3050850053190184
953,0.6494595084289831,0.9735533626456466
954,0.5213985356654733,0.6703614725239686
955,0.45171463320920524,0.14015454119981174
956,0.4914770228352291,0.4240045084574037
957,0.808250031837672,0.6982611201369608
958,0.4586098704103059,0.7744893537237927
959,0.19687825493276712,0.8167204837281978
960,0.7721085827220227,0.44117681261900776
961,0.9433217380755223,0.7569013549767006
962,0.07161569233501175,0.6498475008783473
963,0.6116670837931601,0.6476779591578943
964,0.11365045423501619,0.9233850979811871
965,0.22369025839997103,0.18821172856954593
966,0.8283335941820036,0.592047281577096
967,0.4058040039023484,0.177024986588182
968,0.9793391723981424,0.5750404980338202
969,0.6489657091998675,0.38527942367689694
970,0.6261064803273886,0.7943706005144934
971,0.2261247587106997,0.8333749482361041
972,0.6273521027896904,0.5612990038422111
973,0.7971258974934965,0.5844508130736168
974,0.45144856846324943,0.654573112686641
975,0.16596654524972065,0.22627013306918886
976,0.7844310059782347,0.6475265035191275
977,0.3885754332491964,0.8582986637812562
978,0.8106824846281981,0.5879698670638747
979,0.8732198594506368,0.5215101749385077
980,0.9936375047193331,0.3496280372999767
981,0.007538898263015126,0.7132257756551703
982,0.26747242009567906,0.5368381509712472
983,0.4144080666730481,0.34650434348848624
984,0.6771499236524094,0.18432577157535823
985,0.5367039121893487,0.03037792500338854
986,0.46881070316219875,0.4796162380451655
987,0.5492313780046746,0.8861616023453788
988,0.4613456407757025,0.6021193258310062
989,0.9090511666279976,0.25335814161249426
990,0.30304688420479353,0.29979615963712913
991,0.0883449693524413,0.7381104062592901
992,0.5177088839810642,0.12992100718190847
993,0.37306968763686554,0.4638519524780378
994,0.31770631040329356,0.16389049890994822
995,0.6593125688164532,0.8212821628608995
996,0.3979309287235576,0.239047940027583
997,0.25932889038597196,0.2683598237019825
998,0.028182109315124992,0.2879199961860742
999,0.3033591384628376,0.6357896157623011
