800,0.6525064612107802,0.37086639758871776
801,0.059562751940549274,0.4099747630696341
802,0.556036686952786,0.5108036580238137
803,0.5540203836839759,0.18830681251388015
804,0.8410390245105972,0.39759342047670254
805,0.8035093660137472,0.6750358508085503
806,0.2974118138164519,0.695252281724566
807,0.7505705175400109,0.6460890031674756
808,0.6848446472523847,0.2070212987405422
809,0.8531038074689276,0.557649655058305
810,0.07542866651641145,0.5529491620700637
811,0.42684356557488046,0.5259150810891339
812,0.9537304672708807,0.6289796229846399
813,0.9772563528499044,0.4993816373519633
814,0.960629508761456,0.39995989629964435
815,0.5667068541386736,0.3168198458895002
816,0.3102314077394144,0.4355313570075374
817,0.3787247244022134,0.9887032735282183
818,0.1724071781666714,0.40228012006015246
819,0.8046055769137139,0.2248277656543315
820,0.27811403167865534,0.2780492722784723
821,0.46312090679274254,0.30241885921837086
822,0.41596803371811353,0.40269717158397367
823,0.9086554738525834,0.7992662231213301
824,0.1410879235549094,0.7518046774906263
825,0.8807937797748125,0.21990875740045612
826,0.7041708395920497,0.6345224936919719
827,0.3082945783800578,0.7907903186059798
828,0.26073388753957183,0.6156617961767695
829,0.77945026499111,0.6960378834320067
830,0.9238082334817393,0.9936959202626858
831,0.6214107277283554,0.28566758242544976
832,0.8644169441481063,0.47888608758635587
833,0.44534058469210425,0.3683433903447305
834,0.12521286162221812,0.8742307851966564
835,0.11612691556298216,0.9253473256646023
836,0.8759348552205041,0.42280282084082677
837,0.5734934252116214,0.37159460810196343
838,0.65334624710719,0.5275076618865885
839,0.5273786221551451,0.9148970699701534
840,0.4771263368615646,0.9243185274042104
841,0.34945973427104227,0.8253094446261056
842,0.5710846440803002,0.5209938684674922
843,0.08488088895211165,0.9294134677652061
844,0.3633218643791404,0.3354111449385233
845,0.5920806530871494,0.7783246384124685
846,0.9301722536418671,0.7210823515749041
847,0.9244139626963698,0.7508056790856421
848,0.18134536796279166,0.08612859809071405
849,0.7914108932334317,0.43982164590450723
850,0.5716021865709082,0.24661669319286494
851,0.7824481004452601,0.19892560148241611
852,0.27614904455248945,0.3239424004650334
853,0.16410650561889673,0.6785341876285454
854,0.9453894653955862,0.3770243200099209
855,0.25908451606877536,0.4101129051020277
856,0.2049266236838314,0.4319263339137206
857,0.28814150606348266,0.2831563302060496
858,0.28420331294583556,0.48756878055534336
859,0.07639727101547655,0.3779825395384562
860,0.4571266205970056,0.5216144999650328
861,0.6709244639138764,0.49635044882618096
862,0.9268869530393087,0.7542476255390379
863,0.13364955985088034,0.5769284548926208
864,0.11473715524717265,0.5916586045046136
865,0.6788010203149291,0.5984874701313739
866,0.9898712387677676,0.7485417552798629
867,0.5501917605598488,0.9640513836593919
868,0.9616788162522687,0.2246574385109329
869,0.1853137579903401,0.9825944480792984
870,0.75211729450011,0.7930124819639481
871,0.7727683135867462,0.59066627501083
872,0.5056428352862543,0.39563833908540014
873,0.9686288999208107,0.2605467905158688
874,0.6109241939143211,0.14292834803576882
875,0.9519796786282013,0.06860611106353098
876,0.6623851172341557,0.31049532342824004
877,0.5407803040841012,0.8949051661112978
878,0.25143791018532813,0.9814771002324745
879,0.8047109877311258,0.7990620671428256
880,0.5276411736810104,0.05033543303296395
881,0.13760442406454199,0.2243738484130301
882,0.6121713607176849,0.10981162430277513
883,0.16298687304028658,0.5016347171939045
884,0.04464292800380221,0.08282228624237198
885,0.9368870048906506,0.17267086256263375
886,0.15516581554386388,0.8160933504001731
887,0.43920301360124325,0.15535310878695263
888,0.776897873230966,0.9147623637888884
889,0.7851304788623871,0.7036611942465744
890,0.3771580358716956,0.0030715808955015245
891,0.84586192979989,0.6060179551093233
892,0.22685890932457764,0.2968862340965579
893,0.6679768714918854,0.03651593916966578
894,0.8919577450671601,0.9287919542329933
895,0.31307764903118207,0.5517048657044531
896,0.11685926273727598,0.7650354141398024
897,0.6854889167092642,0.6705118863582146
898,0.5384557720083957,0.12709119939701552
899,0.47298826999771615,0.1190933267393709
