400,0.32820525333160333,0.23699067481753522
401,0.05199155456140081,0.7782154004604214
402,0.6936358694360186,0.7000622355322493
403,0.053516852866139386,0.04720100798455629
404,0.9927197780496015,0.4398087128416498
405,0.6603873498610039,0.20649262822095005
406,0.8209574704089226,0.07136310504780752
407,0.7252387995781095,0.04056571186175262
408,0.3092112236494434,0.3241059186684119
409,0.32692203049814095,0.15310798253562463
410,0.2653922124101935,0.4184959988967475
411,0.805756897478039,0.7632869641770818
412,0.3592950401756426,0.07128176800987862
413,0.20945280755284634,0.3129187260132811
414,0.35549245848065625,0.4978045595336894
415,0.7375733871649934,0.9584463445582557
416,0.6625372151712698,0.5334229021549495
417,0.3975305969735974,0.6369637272011988
418,0.20253044883661608,0.6932094629691857
419,0.8058912852764694,0.19631149405299397
420,0.8870376434339559,0.17368816101206297
421,0.43235566686019045,0.577833118127248
422,0.8942135930584255,0.26423819638305746
423,0.5022461443600823,0.0670336538397377
424,0.06438400904857478,0.6508991834768807
425,0.3841554658895172,0.4728878093207741
426,0.014505263657625389,0.11114921979528303
427,0.5537327277373374,0.7997029418361331
428,0.38291702358571655,0.059125068784699364
429,0.3937960905373742,0.616633302373678
430,0.6401977478020132,0.4778456847265037
431,0.24826536528673615,0.5187031984317684
432,0.9935194164469044,0.8301840677910434
433,0.8679115624067036,0.6315928989466724
434,0.5599324456548249,0.15111208006085552
435,0.2878143783300068,0.021359164813914644
436,0.6982789846141595,0.5993535928399817
437,0.27941094923485754,0.8024373521844812
438,0.7876793812632319,0.24852005328372273
439,0.6101312256492898,0.20637955466050328
440,0.05391806628060858,0.8013865061383728
441,0.29174468633578154,0.44379423832283593
442,0.8324701853585207,0.6827316045994573
443,0.28769439520873896,0.330294978884796
444,0.0369853476413452,0.5272013025816074
445,0.6593073345869505,0.40024691925604783
446,0.4937456906714871,0.81670076917221
447,0.5158880426764595,0.8174142845442628
448,0.7648094471969447,0.2658680987645772
449,0.8851136052214067,0.9606166396641499
450,0.22378119703231258,0.6473374757144501
451,0.28890805106317297,0.6609201541478734
452,0.9477362024665016,0.693872411938765
453,0.2802249610406973,0.8813519517721222
454,0.10591921485561051,0.6984177763785718
455,0.09606764875792828,0.6641980786597287
456,0.3514898086675302,0.28919105265714673
457,0.04082994813412999,0.9375749707854981
458,0.40634364655936717,0.6600076050887161
459,0.21049726667018898,0.9794095945203986
460,0.6922047830584231,0.2150959485661479
461,0.733688968906275,0.204570631043128
462,0.06907311337858768,0.35092036753277844
463,0.05456241344256707,0.5077977760480126
464,0.07932446218871869,0.040489908661561214
465,0.6524703164827745,0.803710432105444
466,0.9795965040605011,0.08276503218984743
467,0.4134314924186626,0.611892491408096
468,0.23754539386494355,0.08125002752648702
469,0.5150816501079264,0.13401841320471009
470,0.2349266988217542,0.5705064548691399
471,0.7175369143241287,0.42066625717157113
472,0.33820242129892164,0.47170694166605964
473,0.16097404798817128,0.9950663453308527
474,0.7078086526375891,0.9611848219283214
475,0.2534828056298921,0.14054245634589002
476,0.4223530714026831,0.9014996872436175
477,0.9757109141060784,0.20254980665423195
478,0.7934470014108066,0.46898868047280173
479,0.06122193213758986,0.2492704325816878
480,0.02856109742319135,0.07747840598817901
481,0.8190297434527366,0.8072411250805315
482,0.7028053394743274,0.5529047223866074
483,0.05050836582139584,0.2941272314466016
484,0.22882677992013367,0.803650436256094
485,0.7720479884224669,0.8308635490128751
486,0.2119390348820135,0.7613832527789337
487,0.04717684878582984,0.3979455323969815
488,0.10079601411870143,0.9296744090992689
489,0.6225606904256099,0.3903656326877024
490,0.2885037916687119,0.6578459845221306
491,0.7832679180333929,0.6068592159228943
492,0.22981077463401034,0.06776079244741551
493,0.6736769966721322,0.98004676049191
494,0.9754035783409482,0.5586593756608835
495,0.5452982808625894,0.3295297000210894
496,0.6907470948823378,0.24896950259810036
497,0.4432149308310449,0.3862533877438131
498,0.755673425632929,0.9460688094461088
499,0.2258750740376788,0.5569163840610856
