200,0.6448991885050244,0.3809910087983034
201,0.08611220198888381,0.23205077375487393
202,0.4563185612829642,0.9416076459222466
203,0.956280249561566,0.05528517790516496
204,0.17307327455129862,0.4913036325886868
205,0.21687179336830298,0.0017538366708766961
206,0.5176341766874268,0.7768026414096719
207,0.07885289834623277,0.6310962715618144
208,0.9433266506127372,0.3153968939101166
209,0.47228335213615946,0.807001652822506
210,0.8182107495004166,0.18835551010283014
211,0.3550303876729636,0.5164732493098368
212,0.13110960196363264,0.6373830169731896
213,0.9965782450487021,0.9177533132735529
214,0.20856298158271502,0.5144192917908049
215,0.6115940778664677,0.09858328113322545
216,0.343273859066332,0.06414499070426738
217,0.35687838950127104,0.3817541341075368
218,0.6082941333195865,0.51945785108034
219,0.4251717789675872,0.8176437278993902
220,0.8096876439470037,0.6733722432918188
221,0.7919494620513403,0.2889929044973839
222,0.9573578480441578,0.012630633798875524
223,0.7282771810753326,0.6185418717203214
224,0.6279425049735469,0.4481727161081833
225,0.6549058662114913,0.40788254361801846
226,0.6215293337033777,0.4732044901549205
227,0.49092972162833515,0.07618532020309843
228,0.40674635105080503,0.4115397643291091
229,0.30481852111976415,0.15876787797623393
230,0.9307829368616781,0.38392103548451806
231,0.6217809263855313,0.5798422881509768
232,0.8772530974486686,0.5326545247209202
233,0.6373116340531635,0.04016240480233113
234,0.9158480687598938,0.37647628133069744
235,0.4361617849192422,0.9570532709959013
236,0.2509797720448198,0.24895477695758528
237,0.0236561044160295,0.8736166219939534
238,0.04092472291848526,0.36886779949800663
239,0.12123821956806491,0.7400634820429246
240,0.9056155000512097,0.12758353499331831
241,0.30515998201969197,0.8901826919970189
242,0.6328656145843212,0.35230584796501485
243,0.8779337145908774,0.5004769676064755
244,0.32621898610234956,0.2414922639044138
245,0.24358414597891975,0.39862382558260523
246,0.5087077288902517,0.02634372928066464
247,0.320348374196617,0.2581715088533919
248,0.12671100118277534,0.09563214114327656
249,0.33758057769648686,0.29007055586208663
250,0.14786897298805612,0.30400827162073984
251,0.783484029917514,0.9992561388884272
252,0.35095760359460737,0.8340672092078458
253,0.734276515339604,0.322200118059237
254,0.6893637506652651,0.6973373379646081
255,0.4697080736027959,0.09646824715598756
256,0.592068093419141,0.34201827898430226
257,0.9473434528007095,0.19221213518307168
258,0.800339540785304,0.05758130985959942
259,0.6830375138033926,0.3392564803603958
260,0.9640153788227254,0.7245331363446115
261,0.8353913767995755,0.7648254754074638
262,0.4637110790833737,0.6467827551509068
263,0.3566164951228826,0.9417433812686358
264,0.49878537714949067,0.8672055059917795
265,0.13088473234957476,0.19621288564931483
266,0.6134906792865636,0.12058138879465063
267,0.5196202904350157,0.8807091808206143
268,0.5592524764375826,0.27515240545871056
269,0.4690082701950935,0.9325706798793724
270,0.8550682209573698,0.5287066523315452
271,0.3375698502927641,0.6034682386142066
272,0.6857820138829754,0.8247154384967147
273,0.4792548892241113,0.617102561251441
274,0.2946021412128438,0.4125906316083392
275,0.2854449623153722,0.10913107044166104
276,0.21692083555046882,0.023954336390068498
277,0.3258847883917877,0.9110477344078539
278,0.1568400264336517,0.5016671937678175
279,0.6519882836511062,0.11805977382205257
280,0.5338118064447505,0.39360666766215535
281,0.26854348812749174,0.4795551252894322
282,0.26944363899902934,0.6688644305430548
283,0.5242458757608155,0.44005633162975566
284,0.8259165748345421,0.6665907624523348
285,0.7045942347320601,0.06668398014943044
286,0.980361414810532,0.4881944660737847
287,0.7157810961625356,0.17427537655144465
288,0.6251594214076616,0.4279987721193468
289,0.3746356264856291,0.21591490185777362
290,0.8791563356055737,0.4688775686754777
291,0.6504022378528818,0.3906989814670415
292,0.17058042849545485,0.6222332052752891
293,0.060521360861188755,0.8621750620009472
294,0.28467247389901384,0.5328914363175667
295,0.4401562665164759,0.5537568517757411
296,0.4871588594900742,0.42927690090518644
297,0.4873464705948395,0.8987858832297428
298,0.8841636285255886,0.817669487192398
299,0.4496233957667096,0.20914464429504032
