300,0.9078121826781949,0.6682996614407847
301,0.005216041757940215,0.29871441580399827
302,0.5664709275225189,0.5462309919019865
303,0.5574382124557651,0.33874664806055244
304,0.5743766101930385,0.946432623964609
305,0.05206091999915108,0.9682604011493638
306,0.8800204452744613,0.4968590353331275
307,0.5650981933554995,0.24751201841842063
308,0.2914782322630518,0.5574092632099351
309,0.31214282295459916,0.5559302150649116
310,0.22310166088588068,0.32269756106177705
311,0.6246295251951973,0.7701981072282669
312,0.7698569764409914,0.5855521007332257
313,0.020864775743355102,0.979397686580126
314,0.40130945734308576,0.47465070748895566
315,0.050102724856999736,0.39901661160615354
316,0.2215810703277904,0.8947680924961309
317,0.9862105768265356,0.7840583910714006
318,0.19686129989607604,0.37469922989147786
319,0.36836951638468185,0.24638454426268153
320,0.8646485729565183,0.919844247372496
321,0.6317525396003996,0.8054284571865796
322,0.16175777263344882,0.9607325545833161
323,0.2689679488871183,0.1634062819511698
324,0.29243018303390833,0.19527426469135756
325,0.8808691272677425,0.26218098357274655
326,0.4489443835416802,0.6023631925628988
327,0.8073731520692095,0.21256556899644652
328,0.25336213508587824,0.8118384967310642
329,0.8133575395841732,0.35947999719662094
330,0.9719035168026285,0.7745731089788461
331,0.8937125978797574,0.9036874301651331
332,0.06613658045851334,0.10794916936743604
333,0.6624314352202162,0.9741800968927099
334,0.8855441916713443,0.2731294752608814
335,0.3911510349728856,0.155027881294591
336,0.9907007319778103,0.46882212700224346
337,0.9200144710684931,0.968330558022268
338,0.8148162652769463,0.824297155919428
339,0.11561544708725913,0.08516200561510523
340,0.47587290215487044,0.8309717050082438
341,0.20266475213375956,0.3862625612040248
342,0.3108338721073962,0.3185593455754032
343,0.8175611423903495,0.09266413782441263
344,0.933185050221067,0.40578886279274373
345,0.4395806552290724,0.32356574917000913
346,0.13964836807572456,0.052948789753486825
347,0.26889834693037795,0.6977807311432045
348,0.020717852586287555,0.38116833197849276
349,0.24870011416366156,0.9803412577981102
350,0.7734217832220056,0.6516027706544892
351,0.48660839373102205,0.03874022286691847
352,0.8914502228325121,0.8209545330885119
353,0.8375225079355434,0.3302364078229544
354,0.4595727114862823,0.9529624278288151
355,0.9873984152987212,0.014575050212420115
356,0.6258023422617319,0.8620426474981517
357,0.21970769993858608,0.8657242375916618
358,0.5337309494731388,0.14173503632755702
359,0.10508831102803862,0.09181791061885558
360,0.8488942922509838,0.3315679956344567
361,0.9666189983067672,0.9798227090836558
362,0.7867735396753524,0.3229887801044661
363,0.4364730146054602,0.5128943245601363
364,0.12427027917905165,0.48815849525158694
365,0.6694638689626259,0.9972185627653216
366,0.9123833908698752,0.05729249084581345
367,0.25886027765676745,0.5973782046329994
368,0.32539230339405356,0.7144852547300905
369,0.8128775320477456,0.46616241134997005
370,0.1087165811125903,0.3439032928242146
371,0.6914217159256494,0.689540938083953
372,0.7869499764895126,0.577087875319623
373,0.8085006707349764,0.5749115676912688
374,0.6815831295310981,0.033081592473644617
375,0.9005930904096899,0.03807406945847902
376,0.1369140847989625,0.5048502463441117
377,0.6789554881119421,0.1461165692509111
378,0.7885047747652936,0.19266624260009202
379,0.002055986550949629,0.4650891907817696
380,0.4224384141753641,0.7886705161325139
381,0.024301690749472415,0.09791004956036775
382,0.22884267802362235,0.8732175778468357
383,0.44579956967952616,0.7226158394288403
384,0.862599176445627,0.5542793267331387
385,0.43484908542373113,0.5447053655402252
386,0.9900791859306095,0.028264229346486314
387,0.453519129021981,0.14766560495805547
388,0.6436404827527628,0.6481714240220436
389,0.5285925675983566,0.8859957852005975
390,0.9105605601148561,0.10933917534879245
391,0.7866265631654127,0.8906544961062364
392,0.5742505414276098,0.7330869646552015
393,0.7833384194471366,0.09796906039185926
394,0.14934265736121533,0.5459238403130237
395,0.8132411647809561,0.2034484711396789
396,0.5094798321063704,0.11791594073677392
397,0.9588052895830155,0.9780558122033638
398,0.6380791702973556,0.15206236564726416
399,0.6383284595024837,0.019361531904547924
