700,0.8468081479535771,0.5895196413139112
701,0.6241083094006127,0.8630956745322491
702,0.28893050169949264,0.5458984057813457
703,0.5511282034073092,0.7336758529495423
704,0.28056074571741085,0.4776417886886817
705,0.993583959701979,0.5170534482703938
706,0.49425647246962334,0.4855270783708684
707,0.543140394820529,0.3869154488741433
708,0.001648053696898577,0.2431880539043576
709,0.346875249611436,0.5390983566249583
710,0.07312342611789724,0.2648488351780405
711,0.5061837269113355,0.8633624318069085
712,0.6038932415324448,0.7580065829740993
713,0.10205672141646216,0.19203149293046184
714,0.8586073036869051,0.9290260192728323
715,0.32194613844381526,0.7342467688394543
716,0.2063965495150335,0.93763823847251
717,0.06857357737000391,0.2006378267857033
718,0.8120356190996899,0.5533914160832524
719,0.3631036277127625,0.598355370590453
720,0.04555581037896461,0.7383005209630424
721,0.12300398908665411,0.22935920410374477
722,0.38330112455301024,0.8298242226406342
723,0.38241043670620445,0.13547786567991127
724,0.6544718722994893,0.9793547585714764
725,0.9802608338339995,0.2012086875913518
726,0.6898946843673014,0.4733110784989508
727,0.8102420764290168,0.7454180317268017
728,0.7211999438230156,0.5948951123061637
729,0.3378874307224976,0.7492212316352548
730,0.17365960877329012,0.9318630817874209
731,0.40178808480749284,0.609594139377994
732,0.2763071041998123,0.7705294696146665
733,0.12125610034394163,0.8580218027350643
734,0.506752704894318,0.5618799867994655
735,0.24148745392694204,0.5102519954615659
736,0.11221987006660705,0.9554979350180034
737,0.607559061098324,0.8972854846916303
738,0.8982988961923325,0.606193892345943
739,0.38249924508359434,0.3471202490376806
740,0.3286940974732021,0.4795202038182168
741,0.922017856337197,0.015273577590025456
742,0.32756764211308287,0.8831658035985559
743,0.25236361821735365,0.20670221008321032
744,0.049275472478964466,0.003016796679084055
745,0.8105392319110594,0.6077233809884555
746,0.5026056194420812,0.7954295691745749
747,0.8759667031237846,0.7279003010405235
748,0.9977572692551413,0.5551667686541303
749,0.06907697554948267,0.7691019462214861
750,0.13865720566146889,0.3751657126015946
751,0.1677922512806258,0.9285365545054659
752,0.5247462220429258,0.8708637891206729
753,0.5874909235010497,0.9885119077979517
754,0.8766805455963521,0.7287133445701552
755,0.9181701482625925,0.9848396083407923
756,0.12531320986615202,0.7540628732764818
757,0.7560175147695181,0.6830532010351231
758,0.8839319276976592,0.9882263499172097
759,0.49858872449000924,0.8730658396619433
760,0.39450634992871836,0.8715002266960076
761,0.7715162030862116,0.30417033756656087
762,0.6796116267418021,0.35443466543542135
763,0.728504779750654,0.5382455382059484
764,0.7981314404332321,0.5173393963991342
765,0.712838275072118,0.5851838889192905
766,0.938914357000526,0.7822334489333015
767,0.025634013492391805,0.4686160374966861
768,0.528307620828236,0.3913717450820621
769,0.24068858760491285,0.6315662459483657
770,0.34953547473596547,0.8403568256097246
771,0.21098106785002546,0.7956060905535679
772,0.40923826154190146,0.21138179711691318
773,0.6392861607375204,0.7468089923234825
774,0.48747203239435377,0.33544202847437066
775,0.1902939512911732,0.3326766058821614
776,0.4009382205890951,0.1326784025114267
777,0.07248949982761077,0.8797823160906103
778,0.05934822575424581,0.8264535087670538
779,0.742027273598101,0.5604143110704253
780,0.4245249553863787,0.26040449003818333
781,0.18620060606707955,0.32030696563460914
782,0.043860901555562215,0.49017246891236643
783,0.3663332265492998,0.7218508621206613
784,0.18439903349512976,0.7280572112411648
785,0.17959970937112202,0.39524318897564914
786,0.9878587023798011,0.36537035260648265
787,0.37845953479365246,0.08254073049943833
788,0.1392551863248589,0.6707563627189042
789,0.9543967192966224,0.2260642356990391
790,0.6386363182853095,0.6945555596788341
791,0.6691596142975671,0.22823763224011628
792,0.31313401824167597,0.5170947790590603
793,0.7503026709920135,0.21045008837319368
794,0.14027062101979693,0.2995287401404214
795,0.4479414937065519,0.24638199876690547
796,0.47279956023874625,0.15646254264819448
797,0.2486602225067991,0.45137107518154873
798,0.05153453236053851,0.05609082424941958
799,0.5803714303464461,0.15852038718010797
