600,0.11399387043831677,0.42769424343836704
601,0.457730044090074,0.3779413491710546
602,0.9135991098582288,0.8461459700848275
603,0.16863833324364041,0.5352753702909712
604,0.6527209429244495,0.6442896683209997
605,0.8119408796322523,0.92704401306674
606,0.8992323046551782,0.9687463181609717
607,0.2083074240501963,0.9398206143811986
608,0.8273896253332286,0.13356760458285089
609,0.5418777555107585,0.14572257772866803
610,0.7849949772116862,0.605934905583954
611,0.07510367088090664,0.8602532315572471
612,0.6018287759705921,0.7927433008896423
613,0.8243137650944468,0.843417585386939
614,0.021326058340783494,0.6273397142972885
615,0.18957523800741527,0.084557593320156
616,0.06905541562943551,0.48894446990503393
617,0.02474715853901499,0.5636515870031764
618,0.13101304048997264,0.14177225622418965
619,0.5988709227190129,0.45945477108751565
620,0.9877782690766624,0.40168991647275565
621,0.36411979956161344,0.030899248795952516
622,0.05393176919241904,0.89060001504146
623,0.8735288371456038,0.32035528896704624
624,0.05331088969311604,0.5124615314189438
625,0.5362973849115057,0.4750922745662035
626,0.1482956089909545,0.8558176318838877
627,0.39654437082745475,0.9598041492274934
628,0.8408032080099376,0.33553634424803735
629,0.278942870888214,0.3813138156289785
630,0.726700303225327,0.8640912385746132
631,0.45269356268666316,0.9166521169031037
632,0.6116128707042061,0.5007558283744071
633,0.7054525542572152,0.22901180339827654
634,0.7001098037122837,0.5130811328506777
635,0.2953722180866978,0.3864620055367466
636,0.04727747461173237,0.5675383384293893
637,0.43732647557717785,0.7988512942813931
638,0.09694330011152641,0.6362150111175687
639,0.6136633360415341,0.5073095496923109
640,0.9146559399312753,0.5500433097891865
641,0.803920485823579,0.6196822866723468
642,0.6865100795509994,0.33823750599988267
643,0.5818675558206748,0.559211155186608
644,0.23404142012791362,0.7321793620121813
645,0.8709937647085633,0.27669704621467983
646,0.3763833554138277,0.7189567192678225
647,0.9648057325298615,0.29886667771862163
648,0.16466460388825144,0.8745832503258759
649,0.7919599004400384,0.53272035268115
650,0.19896524218770473,0.4446687070587916
651,0.6528087899537984,0.9926242652046212
652,0.6876787629677914,0.14797477749464072
653,0.06725684006071675,0.8856423384826249
654,0.22667284563280676,0.08330970892665945
655,0.8620444565261058,0.07260831715852845
656,0.04206788520889637,0.0735277885485841
657,0.785320579297945,0.011527894387893811
658,0.4444107928141129,0.2657533569361804
659,0.959585688658281,0.7358842389312579
660,0.8393091043128292,0.1956986456159352
661,0.261015253740876,0.010094040322160325
662,0.24898726616033973,0.681449135289701
663,0.3542578920980344,0.06096444720631433
664,0.7706613326249236,0.7090584877824379
665,0.6639219378797192,0.31185045733998185
666,0.013577530426710283,0.0034066328147344116
667,0.18745962023218865,0.2465330304724499
668,0.9635201003145882,0.7022040272496887
669,0.39981664116223326,0.25750262909074706
670,0.3043290068430813,0.29897930782909987
671,0.40045020968375955,0.3852250935730799
672,0.1003235603018574,0.16442695443412425
673,0.5722026752092996,0.2507516708551888
674,0.9160539643182714,0.15227698972243775
675,0.7718377372106823,0.41056773455863405
676,0.26043424048709696,0.8410194284972009
677,0.02744087046402932,0.7308557947005806
678,0.2374371458954514,0.5820702173746582
679,0.5290099969122068,0.04844545223241237
680,0.37770181533195013,0.9030515128138902
681,0.9985900446556877,0.2939065252351645
682,0.8166967423484067,0.3684076809086255
683,0.18877837982219148,0.8905792314320649
684,0.16172009546637145,0.22360784056641947
685,0.5619757344081133,0.3399490218832417
686,0.8198439873652661,0.031288642143401324
687,0.8670497690945275,0.2069911721212334
688,0.8907087415136216,0.7646385906768703
689,0.04443270419018275,0.6733182452251675
690,0.7825811543475896,0.011280488576325687
691,0.8289842154323841,0.7801939124745103
692,0.03852607357350657,0.2654947270268112
693,0.17878055956105965,0.008503807341110003
694,0.20013112741830164,0.6212874875311211
695,0.7327311156880357,0.43444124078013246
696,0.0009647697900488916,0.10062380208203903
697,0.7702140606886426,0.6016994997384111
698,0.5665585304974364,0.8348087715981898
699,0.24656672904509547,0.880342953715186
